[gd_scene load_steps=4 format=3 uid="uid://cwgjxcyy812jj"]

[ext_resource type="Script" path="res://leg.gd" id="1_wim6m"]
[ext_resource type="PackedScene" uid="uid://biquj5747frdg" path="res://leg_segment.tscn" id="1_xjxfj"]

[sub_resource type="Curve" id="Curve_804en"]
_data = [Vector2(0, 0), 0.0, 0.0, 0, 0, Vector2(0.903226, 0.417582), 0.0, 0.0, 0, 0, Vector2(1, 0), -5.82905, 0.0, 0, 0]
point_count = 3

[node name="Leg" type="Node3D" node_paths=PackedStringArray("_rota_second_order", "_extension_second_order")]
script = ExtResource("1_wim6m")
segment_1_length = 2.0
segment_2_length = 2.0
rest_distance = 2.0
_returning_trajectory = SubResource("Curve_804en")
incidence_angle = 1.57
extension_speed = 2.0
_rota_second_order_config = {
"k": 1,
"wo": 40,
"xi": 1,
"z": 0
}
_rota_second_order = NodePath("")
_extension_second_order_config = {
"k": 1,
"wo": 40,
"xi": 1,
"z": 0
}
_extension_second_order = NodePath("")
_target_pos_marker_color = Color(1, 1, 0, 1)

[node name="Base" parent="." instance=ExtResource("1_xjxfj")]
transform = Transform3D(-4.37114e-08, 0, 1, 0, 1, 0, -1, 0, -4.37114e-08, -0.25, 0, 0)

[node name="Segment_1" parent="Base" instance=ExtResource("1_xjxfj")]
transform = Transform3D(1, 0, 0, 0, 0.53032, 0.847798, 0, -0.847798, 0.53032, 0, 0, 0.25)

[node name="Segment_2" parent="Base/Segment_1" instance=ExtResource("1_xjxfj")]
transform = Transform3D(1, 0, 0, 0, 0.381243, -0.924475, 0, 0.924475, 0.381243, 0, 0, 2)

[node name="Segment_3" parent="Base/Segment_1/Segment_2" instance=ExtResource("1_xjxfj")]
transform = Transform3D(1, 0, 0, 0, 0.167836, -0.985815, 0, 0.985815, 0.167836, 0, 0, 2)

[node name="Editor_target" type="Marker3D" parent="."]
transform = Transform3D(1, 0, 0, 0, 1, 0, 0, 0, 1, 3.03333, 0.361495, 0)
gizmo_extents = 0.0
